X_tip_body:
  x: -0.0202707
  y: -0.00451642
  z: 0.813698