ground_z: -0.035
X_tip_body:
  x: 0.00901356
  y: 0.0122935
  z: 0.65922
X_tcp_cage:
  x: 0.000548455
  y: 0.00354947
  z: -0.194698
hover_above_tip: 0.05
insert_below_tip: 0.07
topple:
  forward: 0.4
  downward: 0.05
zigzag:
  step_forward: 0.1
  step_sideways: 0.1
  cycles: 5
  max_vel: 1
  max_acc: 0.5
cone:
  radius: 0.15
  apex: 0.8
  height: 1
  base_center:
    x: -0.151469
    y: -0.0120159
    z: -0.34054
  tip:
    x: 0.00901356
    y: 0.0122935
    z: 0.65922