X_tip_body:
  x: 0.0107577
  y: 0.0123065
  z: 0.662619
X_tcp_cage:
  x: -0.00299649
  y: 0.00214184
  z: -0.123926
hover_above_tip: 0.05
insert_below_tip: 0.05