X_tip_body:
  x: 0.00964779
  y: 0.00793395
  z: 0.65825
X_tcp_cage:
  x: -0.00299649
  y: 0.00214184
  z: -0.123926