X_tip_body:
  x: 0.0130429
  y: 0.00981146
  z: 0.813575
X_tcp_cage:
  x: 0
  y: 0
  z: 0