R_MARKER_FLU:
  x: -0.014827
  y: -0.00819614
  z: 0.0220433
  w: 0.999613
T_MARKER_FLU:
  x: 0
  y: 0
  z: -0.045